% iAF1260
SimPhenyID=[20661
21025
21626
6077
20664
21525
20118
2618
13951
4142
12423
12424
12425
12426
10590
2024
2620
12302
12427
12428
12429
2625
2626
12430
827
12293
21346
13212
13211
828
3659
1456
13940
13943
1045
13959
2627
8160
2025
13586
14047
826
758
9238
14045
8155
829
8154
1064
830
18860
8162
1126
2026
13213
680
14051
9236
831
8153
832
13953
833
2629
13616
8748
9235
2630
9536
10940
1047
1048
9537
10943
805
6675
13585
9237
18861
706
835
14048
6685
13944
4148
14046
1065
836
4137
12323
8161
12321
837
2588
12324
1610
2027
12357
1611
2762
2763
12041
18862
12317
1066
13593
13584
10836
8149
13617
839
2931
13214
1310
707
9230
13956
9231
10835
9232
10845
9233
9234
12287
1067
681
11506
10016
2028
840
12320
12288
12289
12290
12291
12292
2619
682
13601
12319
2621
4149
21347
2029
2628
708
4141
2764
8166
99
709
4151
2640
13942
710
841
1068
2030
4150
711
13592
13960
2031
2616
10945
1069
1614
2571
8167
842
104
1070
100
10946
2570
13587
13588
4143
2040
13686
843
12043
8158
844
2623
845
11256
2624
712
759
12358
846
20657
3075
847
2032
848
13590
13591
1072
8159
9387
849
713
2637
2638
3253
2639
714
2631
8164
1457
2632
1120
11507
1121
6658
8156
3094
715
683
716
12359
13625
850
2033
892
5898
2924
6011
1119
851
13589
804
12318
2035
4144
8163
852
1073
12297
12298
853
7833
101
1616
8443
20552
2622
8157
854
19735
21547
13952
1617
855
13955
717
2036
718
4138
1074
14044
13941
8749
719
1618
856
720
13615
2633
2634
13954
1075
857
13957
1621
858
2765
2766
721
1076
2635
2037
2589
21550
12286
859
13945
13946
13947
13948
13949
13950
10948
860
2925
861
862
863
12322
1622
684
8165
722
19848
19849
19847
19850
19543
19851
19544
20018
20019
9017
8972
13771
13772
12415
12416
12418
12417
21609
11508
12412
12413
12411
12414
9020
19925
19926
19929
19927
19930
19928
19931
19918
19919
19922
19920
19923
19921
19924
19941
19940
19944
19939
19943
19942
19945
19932
19933
19936
19934
19937
19935
19938
19948
19949
19950
19951
19952
19953
19954
2906
2907
2486
2151
21715
12301
12419
12420
12422
19171
19172
19212
19173
19213
19174
19214
19322
20148
19168
19169
19170
3212
2368
10552
12409
12407
12406
12410
19164
19165
19208
19166
19209
19167
19210
19321
19211
19161
19162
19163
19157
19158
19204
19159
19205
19160
19224
19320
19227
19155
19156
12630
13204
12421
12235
12243
3034
12614
12615
12631
13205
2148
21338
21339
21023
1244
3363
3364
3365
3366
3367
19991
19992
19993
19994
11706
2499
14059
14060
3233
374
1267
8964
9226
2480
1498
8776
9028
289
9029
8973
13742
2453
32
3258
13797
13803
13805
13795
13800
9377
2498
8777
9228
308
3466
325
1196
326
6170
3231
8778
9031
8779
9032
8780
9033
2947
21918
21919
21920
21921
21922
21923
21924
21925
3280
3511
13531
20119
2407
20120
20121
302
3596
291
13993
13992
8974
8781
9027
3513
3621
3619
3515
8782
9034
181
4682
1080
303
2539
179
1143
8783
8784
9035
2455
2454
9128
9127
2835
178
2867
1077
1309
3516
3518
12535
12534
12637
12632
12537
12536
12612
12613
12636
12633
12638
2549
304
12634
9036
19326
19238
19241
19239
19242
19240
19243
309
14030
2520
396
1308
1307
753
8954
9037
18457
18458
3520
18459
12683
298
1640
299
1874
2919
8785
21537
21541
9038
1204
247
2522
248
249
13216
206
8041
8040
7709
2809
8788
9042
8042
8787
9041
19946
19947
14160
20015
490
12641
12640
12639
3236
2514
2515
2516
6184
2615
1652
20943
20663
2927
10876
19731
9043
13208
12680
330
329
2802
1651
2537
2538
117
2836
10846
10847
10848
8770
10849
11831
9123
11830
8789
8790
13766
9044
8792
305
12260
8793
2851
306
1343
8791
21088
9045
354
3841
8794
9046
3521
12261
259
3523
1034
8975
8795
9047
13780
13779
3426
3524
353
7863
7866
7864
7867
377
260
1033
8796
8798
8799
8797
9048
13778
3301
13921
12487
806
339
8800
21538
9039
2506
2507
351
3220
2406
21028
2481
13610
13613
8802
9049
21318
20550
8803
2544
21319
8046
9126
9106
8774
9125
8047
6183
2852
13649
14035
13678
21605
19327
19254
19257
19255
19258
19256
19259
236
19429
19431
19430
19432
19640
19734
8804
21534
9050
332
333
3000
2293
2302
8806
9229
13529
19859
19860
19861
19862
19863
19864
19865
19771
19813
19814
19815
19816
19817
19818
21532
14020
1570
12303
9052
8977
13670
21602
13685
21593
13508
13523
14054
14055
14056
14058
14057
14052
14053
9131
1650
12337
2556
21531
13638
2557
2558
21529
13631
13628
13630
13627
8807
13626
9053
286
3526
8808
9054
21530
13632
13629
2696
20697
13650
13668
13684
21594
14029
20691
3632
13719
13730
3306
8809
9055
13987
1268
13978
13975
350
13896
2870
1028
8754
8965
9056
13991
8970
8969
20761
3527
6174
439
8810
8811
9057
184
185
8818
9161
1139
3514
183
8812
9058
19334
19293
19296
19294
19297
19295
19298
21539
9040
12304
11882
355
356
8978
9018
19335
19248
19251
19249
19252
19250
19253
10776
118
3529
9059
12305
3531
3528
8814
9060
9239
3232
8815
9023
238
3851
2502
2814
12306
8816
9062
321
1019
3274
9063
8980
43
13598
13696
2295
7713
358
3532
77
7825
20660
1833
1079
1977
444
2294
3634
7823
2826
13773
2859
1386
12356
8817
9064
2905
2149
2147
1631
20662
108
3440
1350
2144
8981
2904
8982
9066
9065
1832
1831
2505
12242
2790
81
4640
19633
19634
20653
19635
20654
13925
21540
9200
2815
12307
12308
2691
1084
8820
9067
189
1577
234
3200
1722
19188
19202
19189
19201
19216
19217
19190
19200
19225
19226
19191
19199
19228
19229
19323
19324
19230
19231
19185
19192
19186
19193
19187
19198
13562
13561
13558
13559
13560
13551
29
30
31
404
5403
406
5404
8135
277
1127
3377
3378
3379
3380
13530
266
7521
13695
13698
2535
21608
12254
13608
13612
8983
9068
2547
13360
20141
20144
21104
21103
21102
21101
21100
21099
21097
19976
20123
13691
19979
13690
19980
19975
13689
19978
19977
10745
10744
10746
19972
10747
19973
10751
10749
13379
13378
2560
2559
12348
12473
12470
12349
268
263
1199
1200
1201
1145
13749
13748
12342
12343
13604
13605
13609
8821
14042
21600
9069
21595
9130
9119
13872
13871
13870
10830
10818
10831
11825
11826
8772
10837
9121
10829
21207
13677
10839
10841
10842
11833
11832
8769
10844
9122
10832
10827
10833
8768
10834
11819
9120
11818
10853
10854
10855
11828
11827
8771
10852
9124
13656
2948
1628
13850
49
7631
3857
140
2562
2561
13409
9070
13410
1183
1184
2820
10030
21543
11867
21544
10045
9986
9989
8825
8824
9071
94
9073
8827
542
8828
8829
9074
3534
9714
2487
12313
1
13817
19325
19232
19235
19233
19236
19234
19237
19998
12259
2838
1866
3064
1968
19997
12258
19999
12257
20000
12256
20001
12255
1822
3635
315
246
2941
13217
8830
9245
12230
12314
12216
2292
21345
2501
21342
21344
21343
9078
8833
9077
1170
13600
1198
13504
8835
9079
8836
9080
3040
8831
8834
9076
20142
20145
8837
9081
2841
3637
3536
9082
1967
2305
13382
13363
21728
9083
3537
10471
11866
10586
10585
1584
186
13777
13693
8987
8838
9134
735
20122
2291
3197
8840
9133
734
13503
13505
13506
13806
8842
9135
13501
8839
8841
9084
9118
20735
264
3539
1030
8843
9136
1209
2854
8845
3540
2960
2839
3541
12262
3542
478
3309
731
1029
8844
8846
