function [output] = slvrEMU_fast(v_in, xglcDe)





 v = v_in;
v(113) = v_in(113)/4; 
v(255) = v_in(255)/2; 
v(214) = v_in(214)/4; 
v(224) = v_in(224)/4; 
v(91) = v_in(91)/4; 
v(220) = v_in(220)/2; 
v(67) = v_in(67)/4; 
v(298) = v_in(298)/4; 
v(20) = v_in(20)/2; 
v(38) = v_in(38)/2; 
v(122) = v_in(122)/2; 
v(8) = v_in(8)/2; 
v(135) = v_in(135)/2; 
v(315) = v_in(315)/4; 
v(259) = v_in(259)/3; 
v(90) = v_in(90)/4; 
v(226) = v_in(226)/4; 
v(121) = v_in(121)/4; 
v(256) = v_in(256)/2; 
v(61) = v_in(61)/2; 
v(86) = v_in(86)/4; 
v(280) = v_in(280)/2; 
v(70) = v_in(70)/2; 
v(193) = v_in(193)/4; 
v(325) = v_in(325)/16; 
v(290) = v_in(290)/2; 
v(270) = v_in(270)/2; 
v(266) = v_in(266)/2; 
v(247) = v_in(247)/4; 
v(333) = v_in(333)/4; 
v(181) = v_in(181)/2; 
v(229) = v_in(229)/2; 
v(228) = v_in(228)/16; 
v(44) = v_in(44)/2; 
v(6) = v_in(6)/2; 
v(200) = v_in(200)/2; 
v(293) = v_in(293)/2; 
v(66) = v_in(66)/2; 
v(22) = v_in(22)/2; 
v(264) = v_in(264)/2; 
v(225) = v_in(225)/4; 
v(36) = v_in(36)/2; 
v(222) = v_in(222)/4; 
v(110) = v_in(110)/2; 
v(79) = v_in(79)/2; 
v(201) = v_in(201)/2; 
v(221) = v_in(221)/2; 
v(87) = v_in(87)/4; 
v(286) = v_in(286)/4; 
v(326) = v_in(326)/2; 
v(89) = v_in(89)/2; 
v(258) = v_in(258)/2; 
v(223) = v_in(223)/4; 

% level 1
i=[100; 100; 100; 100; 100; 100; 101; 101; 101; 101; 
101; 101; 101; 102; 102; 102; 103; 103; 103; 104; 
104; 104; 105; 105; 105; 106; 106; 106; 107; 107; 
107; 108; 108; 108; 108; 108; 109; 109; 109; 109; 
109; 109; 109; 109; 109; 109; 109; 10; 10; 10; 
10; 10; 110; 110; 110; 110; 110; 110; 110; 110; 
110; 110; 110; 111; 111; 111; 111; 111; 111; 111; 
111; 111; 111; 111; 112; 112; 112; 112; 112; 112; 
112; 112; 112; 112; 112; 113; 113; 113; 114; 114; 
114; 115; 115; 115; 116; 116; 116; 117; 117; 118; 
118; 119; 119; 11; 11; 11; 120; 120; 121; 121; 
122; 122; 123; 123; 123; 123; 123; 123; 123; 123; 
124; 124; 124; 124; 124; 124; 124; 124; 125; 125; 
125; 125; 125; 125; 125; 125; 126; 126; 126; 127; 
127; 127; 128; 128; 128; 129; 129; 129; 12; 12; 
12; 130; 130; 130; 131; 131; 131; 132; 132; 132; 
133; 133; 133; 134; 134; 134; 135; 135; 135; 136; 
136; 136; 137; 137; 137; 138; 138; 138; 138; 139; 
139; 139; 139; 13; 13; 140; 140; 140; 140; 141; 
141; 141; 141; 142; 142; 142; 143; 143; 143; 144; 
144; 144; 145; 145; 145; 146; 146; 146; 146; 146; 
147; 147; 147; 148; 148; 148; 148; 148; 149; 149; 
149; 149; 14; 14; 150; 150; 150; 151; 151; 151; 
151; 152; 152; 152; 153; 153; 154; 154; 154; 155; 
155; 155; 156; 156; 156; 157; 157; 157; 158; 158; 
158; 159; 159; 159; 15; 15; 160; 160; 160; 161; 
161; 161; 162; 162; 162; 163; 163; 163; 164; 164; 
164; 165; 165; 165; 166; 166; 166; 166; 166; 167; 
167; 167; 167; 167; 168; 168; 168; 168; 168; 169; 
169; 169; 169; 169; 16; 16; 16; 170; 170; 170; 
171; 171; 171; 172; 172; 173; 173; 173; 173; 174; 
174; 174; 174; 175; 175; 175; 175; 176; 176; 176; 
176; 177; 177; 177; 177; 178; 178; 179; 179; 17; 
17; 17; 180; 180; 181; 181; 182; 182; 183; 183; 
183; 183; 184; 184; 184; 184; 185; 185; 185; 185; 
186; 186; 186; 187; 187; 187; 188; 188; 188; 189; 
189; 189; 18; 18; 18; 190; 190; 190; 190; 190; 
190; 190; 190; 191; 191; 191; 191; 191; 191; 191; 
191; 192; 192; 192; 192; 192; 192; 192; 192; 193; 
193; 193; 194; 194; 194; 195; 195; 195; 196; 196; 
196; 197; 197; 197; 198; 198; 198; 198; 199; 199; 
199; 199; 19; 19; 19; 1; 1; 1; 200; 200; 
200; 200; 201; 201; 201; 201; 202; 202; 202; 202; 
203; 203; 203; 204; 204; 204; 205; 205; 205; 206; 
206; 206; 207; 207; 207; 208; 208; 208; 209; 209; 
209; 20; 20; 20; 210; 210; 210; 211; 211; 211; 
212; 212; 212; 213; 213; 214; 214; 215; 215; 216; 
216; 217; 217; 218; 218; 219; 219; 21; 21; 220; 
220; 220; 220; 220; 220; 220; 220; 220; 220; 220; 
220; 220; 221; 221; 221; 221; 221; 221; 221; 221; 
221; 221; 221; 221; 221; 222; 222; 222; 222; 222; 
222; 222; 222; 222; 222; 222; 222; 222; 223; 223; 
223; 223; 223; 223; 223; 223; 223; 223; 223; 223; 
223; 224; 224; 224; 225; 225; 225; 226; 226; 226; 
227; 227; 227; 228; 228; 228; 228; 229; 229; 229; 
229; 22; 22; 230; 230; 230; 230; 231; 231; 231; 
231; 232; 232; 233; 233; 234; 234; 234; 235; 235; 
235; 236; 236; 236; 237; 237; 237; 238; 238; 238; 
239; 239; 239; 23; 23; 23; 23; 240; 240; 240; 
241; 241; 241; 242; 242; 242; 242; 243; 243; 243; 
243; 24; 24; 24; 24; 25; 25; 25; 25; 26; 
26; 26; 26; 27; 27; 27; 27; 28; 28; 28; 
28; 29; 29; 29; 29; 2; 2; 2; 30; 30; 
30; 31; 31; 31; 32; 32; 32; 33; 33; 33; 
34; 34; 34; 34; 34; 34; 35; 35; 35; 35; 
35; 35; 36; 36; 36; 36; 36; 36; 37; 37; 
37; 37; 37; 37; 38; 38; 38; 39; 39; 39; 
3; 3; 3; 40; 40; 40; 41; 41; 41; 42; 
42; 42; 43; 43; 43; 44; 44; 44; 45; 45; 
46; 46; 47; 47; 48; 48; 49; 49; 4; 4; 
50; 50; 51; 51; 52; 52; 52; 53; 53; 53; 
54; 54; 54; 55; 55; 55; 56; 56; 56; 57; 
57; 57; 58; 58; 58; 59; 59; 5; 5; 60; 
60; 61; 61; 62; 62; 62; 62; 63; 63; 63; 
63; 64; 64; 64; 64; 65; 65; 65; 65; 66; 
66; 66; 67; 67; 67; 68; 68; 68; 69; 69; 
69; 6; 6; 70; 70; 71; 71; 72; 72; 73; 
73; 74; 74; 74; 75; 75; 75; 76; 76; 76; 
77; 77; 77; 78; 78; 78; 79; 79; 79; 7; 
7; 80; 80; 80; 80; 80; 80; 80; 80; 80; 
80; 80; 80; 80; 80; 80; 80; 80; 80; 80; 
81; 81; 81; 81; 81; 82; 82; 82; 83; 83; 
83; 83; 83; 84; 84; 84; 84; 84; 84; 85; 
85; 85; 85; 85; 86; 86; 86; 86; 86; 86; 
87; 87; 88; 88; 89; 89; 8; 8; 90; 90; 
90; 91; 91; 91; 92; 92; 92; 93; 93; 93; 
94; 94; 95; 95; 96; 96; 96; 96; 96; 97; 
97; 97; 97; 97; 98; 98; 98; 98; 98; 99; 
99; 99; 99; 99; 99; 99; 9; 9; 9; 9; 
9; ];
